53 1
61098 
1949 0

2297 -13

3953 -22

4705 -33

4871 -40

7327 -53

8149 -70

8617 -76

9566 -90

9772 -93

18 -107

198 -119

650 -129

1634 -139

1760 -155

2380 -164

3938 -175

6550 -179

7305 -198

8696 -200

8917 -217

111 -229

122 -245

1864 -253

5134 -264

6241 -273

7989 -288

9255 -301

1023 -313

1549 -330

2006 -341

2346 -356

2359 -365

2610 -373

2732 -392

2863 -409

4193 -420

4460 -428

5523 -439

6754 -459

8279 -473

8384 -477

8490 -496

9092 -509

9829 -517

9927 -537

1004 -551

1161 -566

1559 -578

1800 -593

3428 -599

5724 -614

8738 -630

8758 -644

115 -666

479 -678

806 -693

2882 -709

4059 -726

6897 -732

7281 -748

8530 -761

8691 -776

9128 -793

9447 -806

587 -830

627 -838

1045 -854

4758 -870

6129 -894

7819 -902

2143 -927

3546 -946

4330 -962

5804 -973

7368 -997

7791 -1006

8791 -1022

177 -1041

1296 -1066

1351 -1084

6644 -1093

7491 -1113

8728 -1130

9918 -1157

399 -1174

3216 -1194

3612 -1214

5020 -1231

5348 -1243

5771 -1262

6063 -1280

6202 -1305

7021 -1322

8887 -1339

349 -1357

1448 -1383

1653 -1399

2415 -1422

7360 -1447

92 -1468

794 -1489

1109 -1510

2754 -1523

3124 -1548

5002 -1571

5339 -1585

5707 -1607

6871 -1626

81 -1656

555 -1673

752 -1695

917 -1724

1427 -1745

3679 -1761

4074 -1780

5064 -1805

5107 -1834

6313 -1854

8181 -1869

8981 -1900

416 -1916

1283 -1938

3730 -1969

3944 -1991

6229 -2015

6772 -2035

6997 -2055

7193 -2076

7984 -2098

8005 -2121

8109 -2150

8795 -2168

906 -2198

1195 -2221

1659 -2244

1789 -2270

2786 -2292

2942 -2315

3091 -2339

3548 -2367

3794 -2391

4439 -2408

5023 -2431

6441 -2458

8260 -2485

9367 -2507

9486 -2529

9855 -2550

462 -2579

661 -2600

1342 -2633

2144 -2658

2312 -2679

4138 -2701

6953 -2729

7175 -2758

7358 -2775

9100 -2804

1349 -2827

1642 -2860

2469 -2888

2652 -2907

2939 -2931

3631 -2964

4112 -2985

5810 -3015

6386 -3044

6783 -3067

8050 -3089

8226 -3114

8283 -3141

8285 -3171

9053 -3193

141 -3227

1229 -3250

1737 -3273

3148 -3303

3245 -3332

4589 -3354

4592 -3383

5263 -3409

5569 -3440

7511 -3466

7555 -3496

7709 -3515

2919 -3544

2977 -3577

2994 -3601

3202 -3633

6338 -3656

6636 -3687

6979 -3711

7494 -3746

7630 -3771

9948 -3801

1348 -3826

2097 -3855

2737 -3882

4924 -3912

9460 -3946

350 -3977

973 -4004

1967 -4034

2457 -4068

3993 -4094

6342 -4120

6760 -4151

9061 -4189

2904 -4220

4645 -4249

5219 -4276

5912 -4307

7956 -4338

8505 -4366

9610 -4400

220 -4429

526 -4466

1777 -4499

2394 -4525

2426 -4560

4637 -4589

5853 -4623

6054 -4662

7075 -4686

9218 -4725

9316 -4752

2504 -4785

3907 -4823

3981 -4853

5510 -4886

6213 -4914

7010 -4953

7285 -4986

7445 -5022

8518 -5053

9027 -5083

9097 -5114

156 -5154

322 -5185

561 -5216

1356 -5247

2510 -5288

2868 -5318

3967 -5354

4709 -5388

5851 -5417

6253 -5452

8314 -5493

9833 -5528

1201 -5554

2848 -5595

4194 -5631

4614 -5666

6493 -5704

7179 -5731

7308 -5768

7786 -5801

8056 -5841

8178 -5879

8449 -5910

667 -5945

751 -5978

1617 -6017

2738 -6058

2901 -6085

4277 -6123

4704 -6165

4847 -6198

4892 -6234

4979 -6269

6006 -6306

7025 -6345

7038 -6375

7201 -6409

7407 -6447

9423 -6487

2044 -6517

2110 -6560

4496 -6599

4563 -6633

6115 -6666

6915 -6711

7261 -6747

8124 -6777

8409 -6816

8792 -6858

9489 -6893

9540 -6934

1668 -6963

1984 -7010

2200 -7046

2541 -7078

3246 -7116

3342 -7161

3720 -7193

5097 -7233

5311 -7267

7104 -7306

7731 -7344

8648 -7382

414 -7419

693 -7462

1476 -7500

1868 -7543

2017 -7578

4284 -7616

4386 -7653

4717 -7693

6960 -7736

7841 -7771

9960 -7817

2075 -7850

3483 -7890

3854 -7930

4154 -7976

4506 -8015

4893 -8057

5184 -8099

5360 -8130

5388 -8179

5857 -8213

6916 -8257

7937 -8289

69 -8337

1970 -8380

1996 -8420

3025 -8457

3586 -8501

3991 -8536

4319 -8584

5805 -8624

7344 -8661

7914 -8705

2976 -8750

3876 -8786

4618 -8828

5390 -8867

5532 -8913

5687 -8953

5789 -8996

6387 -9042

7839 -9078

7963 -9128

1873 -9169

2138 -9212

2339 -9250

3277 -9293

7078 -9336

8628 -9382

9096 -9428

9108 -9469

9315 -9516

4803 -9555

5345 -9595

5555 -9642

6603 -9686

6698 -9726

6751 -9776

6976 -9814

7582 -9858

9160 -9912

9985 -9947

820 -9992

1432 -10040

3550 -10087

3999 -10132

7096 -10178

7293 -10221

8624 -10271

9203 -10314

9616 -10360

29 -10399

1029 -10453

1515 -10495

2440 -10543

2890 -10590

3726 -10633

4278 -10677

4556 -10721

5357 -10769

5635 -10812

6025 -10859

7645 -10908

7658 -10956

490 -11004

829 -11053

1973 -11092

1978 -11144

2250 -11189

4084 -11239

7143 -11285

7575 -11329

8098 -11380

8989 -11420

9095 -11472

9564 -11516

9761 -11568

787 -11612

2881 -11665

3707 -11707

4535 -11754

5558 -11803

5933 -11857

8677 -11897

1024 -11954

1307 -11996

2252 -12043

2548 -12093

2819 -12145

4101 -12197

4251 -12247

6109 -12298

7363 -12347

7611 -12395

9573 -12444

61 -12489

458 -12538

1246 -12593

3742 -12636

3868 -12689

5397 -12738

6235 -12785

6900 -12840

7995 -12888

8893 -12943

9081 -12990

1397 -13037

1989 -13094

2137 -13138

2244 -13198

2276 -13245

3919 -13300

4037 -13347

4631 -13394

6893 -13448

6966 -13502

7120 -13553

7243 -13600

7349 -13655

7624 -13707

7875 -13760

8180 -13807

8831 -13860

9103 -13913

9872 -13962

1711 -14016

3229 -14063

3318 -14117

6517 -14168

6623 -14217

6885 -14270

6957 -14323

7438 -14370

7493 -14425

8211 -14481

8644 -14531

1425 -14588

1679 -14637

2943 -14685

3525 -14739

6588 -14791

7737 -14847

7801 -14903

7881 -14958

8848 -15012

9265 -15066

9294 -15109

9548 -15170

983 -15222

1154 -15270

1345 -15334

2567 -15383

2608 -15433

2986 -15492

3698 -15549

3877 -15601

6485 -15652

6779 -15704

7007 -15759

7470 -15819

180 -15865

370 -15923

1883 -15977

2497 -16035

3413 -16094

3553 -16150

5890 -16202

5966 -16254

6212 -16312

7166 -16366

7294 -16418

9751 -16471

520 -16533

1948 -16586

2161 -16645

2651 -16697

3267 -16752

3719 -16810

4038 -16869

5604 -16918

5798 -16981

5931 -17035

7124 -17089

7205 -17151

7974 -17205

8222 -17260

8300 -17318

9291 -17366

88 -17423

2590 -17480

2998 -17538

4026 -17602

5765 -17659

5818 -17709

7217 -17769

7259 -17826

7967 -17882

8177 -17937

9110 -18002

9239 -18052

918 -18115

3852 -18170

4626 -18228

5502 -18289

5589 -18346

6215 -18400

6724 -18465

6792 -18520

6826 -18578

7148 -18635

8931 -18688

9080 -18751

79 -18812

657 -18874

694 -18931

1596 -18987

1682 -19050

1886 -19106

2557 -19166

3568 -19222

4252 -19278

4395 -19336

5286 -19404

6330 -19459

6673 -19523

6902 -19581

9508 -19633

9686 -19692

868 -19751

1164 -19816

3729 -19879

4065 -19935

4457 -19995

5513 -20053

6060 -20120

8095 -20172

9629 -20233

9647 -20291

205 -20353

1249 -20422

1504 -20474

3932 -20540

4813 -20595

5565 -20657

6416 -20718

6794 -20787

8330 -20842

8828 -20909

8912 -20962

1331 -21026

1488 -21092

2928 -21150

3552 -21213

3694 -21277

3837 -21336

3963 -21401

5065 -21458

7442 -21526

8582 -21587

8793 -21650

9077 -21714

25 -21775

733 -21832

5100 -21898

5551 -21957

5561 -22022

6079 -22086

8388 -22150

8390 -22209

72 -22274

1044 -22343

1830 -22405

4613 -22474

6929 -22539

3593 -22598

3617 -22667

5117 -22727

6152 -22795

6939 -22862

7734 -22919

7833 -22984

9002 -23049

9227 -23120

9285 -23183

317 -23255

1992 -23318

2111 -23383

4164 -23447

4380 -23512

5423 -23575

6232 -23647

7424 -23708

7729 -23775

8269 -23849

8659 -23913

4116 -23978

8128 -24048

9353 -24116

9810 -24183

9847 -24240

1985 -24308

2973 -24378

3764 -24444

4072 -24518

5386 -24589

6977 -24651

7830 -24722

8536 -24792

1303 -24862

2722 -24927

4397 -24993

6185 -25061

6250 -25138

7258 -25202

7803 -25270

8751 -25342

9168 -25413

9204 -25478

242 -25547

410 -25617

1403 -25692

3134 -25754

3737 -25828

3865 -25902

4083 -25972

4669 -26037

8404 -26114

8618 -26182

9733 -26248

381 -26319

585 -26391

672 -26467

1110 -26534

1241 -26600

1361 -26672

3369 -26750

5426 -26816

2119 -26888

2131 -26957

3164 -27036

5761 -27100

5888 -27179

6597 -27254

6618 -27325

7177 -27396

8138 -27467

8392 -27537

9461 -27609

124 -27677

314 -27755

832 -27824

2783 -27898

2900 -27977

3247 -28050

3463 -28122

8427 -28193

8869 -28267

1960 -28345

4055 -28419

4170 -28485

4451 -28562

6446 -28631

6492 -28715

7460 -28789

8818 -28859

8958 -28932

9017 -29007

9775 -29077

9795 -29149

165 -29225

1939 -29308

3767 -29382

5091 -29452

5990 -29529

6380 -29605

7644 -29676

7666 -29750

9028 -29829

9992 -29902

703 -29978

1878 -30059

1927 -30132

2086 -30213

2830 -30279

3324 -30362

3799 -30439

2414 -30517

4684 -30595

4977 -30664

5849 -30740

6076 -30821

7512 -30893

8261 -30978

9200 -31049

9391 -31133

9724 -31211

3027 -31288

4177 -31361

4819 -31444

5045 -31519

5607 -31594

5942 -31674

9934 -31753

1137 -31831

2257 -31914

2535 -31988

3094 -32072

3874 -32148

4215 -32224

6228 -32306

8254 -32383

8366 -32461

8839 -32538

9507 -32621

34 -32701

335 -32784

3472 -32864

4473 -32936

4518 -33023

5202 -33098

5437 -33177

5568 -33262

6001 -33339

6634 -33420

6679 -33499

6821 -33576

9534 -33658

3470 -33742

4364 -33823

7674 -33904

9809 -33988

599 -34063

897 -34148

1478 -34226

1899 -34311

2916 -34396

3507 -34482

3597 -34554

6924 -34636

7452 -34723

7474 -34803

8101 -34884

9916 -34969

1557 -35050

1723 -35135

2329 -35221

3632 -35303

3771 -35384

3871 -35466

4086 -35555

5321 -35638

5835 -35721

5918 -35803

7804 -35883

8122 -35970

9638 -36050

336 -36134

984 -36213

2595 -36295

6733 -36386

8521 -36463

3423 -36553

3792 -36640

4402 -36727

5172 -36803

5471 -36892

6388 -36983

6442 -37061

7838 -37146

1743 -37229

2565 -37321

2991 -37401

3211 -37488

3347 -37577

5811 -37661

8137 -37751

8338 -37836

9336 -37922

248 -38007

417 -38091

2520 -38184

4919 -38273

5171 -38352

5193 -38444

7280 -38531

7302 -38620

613 -38704

2837 -38796

3766 -38886

3883 -38970

3947 -39061

6349 -39145

6585 -39237

9064 -39321

9787 -39415

257 -39502

310 -39588

319 -39676

521 -39765

963 -39856

3998 -39946

4660 -40032

5227 -40124

5547 -40214

6211 -40302

6418 -40385

6850 -40482

7191 -40568

8422 -40660

9392 -40744

969 -40835

1133 -40920

1415 -41018

1420 -41101

1464 -41199

2552 -41289

4951 -41370

7042 -41461

7098 -41559

8569 -41647

8773 -41739

9279 -41829

814 -41911

1002 -42005

2115 -42093

2990 -42191

4986 -42279

6209 -42368

8198 -42461

83 -42554

354 -42647

783 -42734

811 -42826

1940 -42926

3186 -43011

4374 -43102

5767 -43200

5873 -43285

5996 -43385

9198 -43479

360 -43572

2203 -43663

3289 -43753

3667 -43851

4381 -43934

5896 -44034

6619 -44128

6736 -44223

7506 -44312

9752 -44409

1807 -44493

2537 -44594

2721 -44691

3529 -44785

3626 -44871

3862 -44973

4011 -45061

4231 -45153

4750 -45245

5374 -45343

7770 -45435

8008 -45529

8488 -45624

9560 -45724

515 -45820

673 -45906

1489 -46010

2126 -46096

2354 -46192

2778 -46289

3192 -46388

3678 -46478

3809 -46576

6289 -46675

6468 -46760

8093 -46857

9871 -46956

2876 -47054

8861 -47151

407 -47246

1316 -47338

2687 -47441

6763 -47533

8843 -47632

337 -47731

625 -47829

3218 -47927

4430 -48019

7071 -48126

7296 -48221

2269 -48314

2664 -48414

3307 -48513

3420 -48620

4398 -48714

5530 -48809

5697 -48908

6464 -49009

6665 -49111

924 -49216

2286 -49316

3167 -49414

4713 -49506

5113 -49608

5269 -49707

6423 -49807

6612 -49909

7822 -50013

8316 -50116

9963 -50207

4001 -50311

4148 -50414

5668 -50518

6237 -50615

293 -50716

339 -50816

1693 -50925

2268 -51020

2655 -51120

3955 -51226

4434 -51332

7450 -51436

9562 -51538

1453 -51631

1520 -51743

1584 -51840

3915 -51946

4677 -52048

5438 -52152

5999 -52255

6084 -52353

6134 -52455

6940 -52560

8663 -52670

9506 -52766

9539 -52876

498 -52976

1521 -53085

2235 -53180

3684 -53290

4058 -53394

4463 -53493

4899 -53599

5590 -53705

6251 -53808

7843 -53907

8236 -54021

8447 -54124

8902 -54220

5 -54328

2240 -54439

5114 -54542

6743 -54645

7069 -54746

8596 -54855

9429 -54959

9442 -55066

9748 -55168

1638 -55280

2923 -55381

3050 -55487

3243 -55592

4975 -55695

5285 -55805

5654 -55908

5961 -56022

6793 -56122

7946 -56234

8025 -56338

8070 -56442

1226 -56549

1923 -56656

2671 -56765

3622 -56864

4009 -56974

4606 -57087

7499 -57192

7977 -57294

9124 -57400

107 -57513

1548 -57625

1824 -57726

2657 -57832

2824 -57946

4213 -58051

5585 -58157

6239 -58265

6769 -58373

9889 -58486

1048 -58591

1813 -58701

2908 -58815

4509 -58924

5200 -59028

6188 -59138

6609 -59243

9667 -59356

438 -59462

3034 -59571

7290 -59687

8587 -59792

9406 -59903

429 -60014

1676 -60128

2019 -60242

2049 -60348

3290 -60458

3954 -60568

5936 -60687

7954 -60798

8591 -60902

9574 -61012

835 -61133

993 -61236

1234 -61354

1618 -61459

1752 -61571

1844 -61686

3201 -61804

3394 -61914

3564 -62023

7045 -62137

7726 -62245

8412 -62362

1041 -62475

2331 -62589

3774 -62695

5289 -62817

5926 -62925

7076 -63042

8616 -63155

9302 -63261

3129 -63381

4131 -63494

6246 -63610

6355 -63719

8572 -63830

9596 -63945

9848 -64066

1014 -64175

2162 -64289

6995 -64403

7496 -64521

7515 -64641

9106 -64750

9266 -64871

2021 -64979

5254 -65097

5292 -65215

6218 -65330

6374 -65448

6396 -65566

7462 -65680

1952 -65797

2984 -65910

5785 -66032

5891 -66151

6340 -66266

6980 -66377

8649 -66500

8678 -66618

8841 -66734

645 -66852

907 -66973

2293 -67087

2776 -67204

3412 -67325

4749 -67438

6236 -67553

7736 -67675

9143 -67791

9641 -67912

2350 -68034

5971 -68146

6378 -68272

9676 -68389

383 -68508

637 -68626

678 -68751

1742 -68869

2585 -68987

3101 -69110

3607 -69229

4609 -69353

5088 -69472

5525 -69586

8482 -69703

8890 -69829

142 -69954

682 -70069

1550 -70189

2427 -70317

2508 -70435

3467 -70558

3818 -70671

4367 -70795

4582 -70916

4891 -71034

5095 -71158

5664 -71276

6715 -71398

296 -71520

301 -71649

1181 -71771

1922 -71888

2265 -72011

2366 -72133

2798 -72251

3623 -72379

3842 -72504

5272 -72619

7987 -72746

1507 -72866

2224 -72987

3892 -73109

5094 -73232

5281 -73358

7662 -73486

908 -73603

1731 -73725

3212 -73850

5156 -73981

5393 -74104

8262 -74222

9432 -74344

2079 -74469

3254 -74596

3459 -74719

4014 -74854

4068 -74975

5159 -75097

5630 -75225

5847 -75353

5950 -75472

8259 -75601

9305 -75727

9517 -75849

9767 -75972

2109 -76096

2151 -76226

3065 -76352

3074 -76473

4100 -76607

5458 -76735

7159 -76853

7534 -76980

8363 -77103

9013 -77229

9701 -77355

579 -77492

1269 -77616

1846 -77742

2714 -77868

4351 -77993

9070 -78117

470 -78245

486 -78373

1028 -78511

1516 -78629

2317 -78762

3399 -78889

3418 -79018

4383 -79143

4661 -79275

4742 -79399

5016 -79529

5836 -79657

6285 -79786

6367 -79910

6805 -80038

7039 -80166

7594 -80299

1037 -80424

2047 -80552

3109 -80690

4914 -80818

5427 -80944

8186 -81077

8328 -81198

9643 -81332

427 -81464

2214 -81587

2467 -81721

2470 -81853

3859 -81980

5465 -82113

6433 -82245

6536 -82372

8174 -82498

9463 -82632

1064 -82765

1500 -82892

1565 -83021

3580 -83151

5050 -83283

6197 -83420

6899 -83549

7254 -83680

8033 -83806

9060 -83936

9208 -84074

440 -84198

1963 -84330

2365 -84470

3415 -84599

5109 -84728

5830 -84859

7312 -84991

445 -85126

559 -85263

604 -85396

3331 -85529

4681 -85656

5831 -85793

6143 -85931

6470 -86057

6484 -86188

6717 -86320

548 -86459

1139 -86596

1176 -86728

1842 -86865

2515 -87000

2675 -87130

3473 -87263

3941 -87395

4490 -87528

5451 -87670

9625 -87802

237 -87936

283 -88068

465 -88200

1398 -88344

1661 -88469

5030 -88604

5956 -88741

6739 -88884

8632 -89019

201 -89151

1826 -89283

3022 -89418

3461 -89556

3962 -89696

4246 -89827

5475 -89969

6346 -90106

6370 -90233

8965 -90379

9163 -90515

9350 -90645

1394 -90779

1481 -90917

2941 -91054

3921 -91192

4933 -91326

5175 -91470

5267 -91607

5712 -91746

7144 -91880

7468 -92019

8255 -92156

9193 -92293

576 -92431

1924 -92569

5282 -92704

6153 -92839

8657 -92985

9671 -93122

553 -93259

1630 -93401

3080 -93535

3190 -93678

3234 -93814

4472 -93955

5340 -94093

5895 -94227

6830 -94372

8309 -94512

9250 -94648

9836 -94781

9850 -94929

270 -95068

1778 -95206

1900 -95342

274